NewIDseqName,visual_genus,visual_species,ska_genus,ska_species,CMS002_053a_Rb_S7_L004,CMS_001_RNA_A_S1,CMS_002_10a_Rb_S119_L004,CMS_002_13a_Rb_S120_L004,CMS_002_16a_Rb_S121_L004,CMS_002_17a_Rb_S122_L004,CMS_002_17b_Rb_S123_L004,CMS_002_17c_Rb_S124_L004,CMS_002_17d_Rb_S125_L004,CMS_002_17e_Rb_S126_L004,CMS_002_18a_Rb_S128_L004,CMS_002_18b_Rb_S129_L004,CMS_002_19a_Rb_S130_L004,CMS_002_1a_Rb_S116_L004,CMS_002_20a_Rb_S131_L004,CMS_002_20b_Rb_S132_L004,CMS_002_20c_Rb_S133_L004,CMS_002_20d_Rb_S134_L004,CMS_002_20e_Rb_S135_L004,CMS_002_21a_Rb_S136_L004,CMS_002_22a_Rb_S137_L004,CMS_002_23a_Rb_S138_L004,CMS_002_25a_Rb_S140_L004,CMS_002_25b_Rb_S141_L004,CMS_002_25c_Rb_S142_L004,CMS_002_25d_Rb_S143_L004,CMS_002_25e_Rb_S144_L004,CMS_002_25f_Rb_S145_L004,CMS_002_26a_Rb_S146_L004,CMS_002_26b_Rb_S147_L004,CMS_002_26c_Rb_S148_L004,CMS_002_26d_Rb_S149_L004,CMS_002_26e_Rb_S150_L004,CMS_002_27a_Rb_S152_L004,CMS_002_27b_Rb_S153_L004,CMS_002_28a_Rb_S154_L004,CMS_002_28b_Rb_S155_L004,CMS_002_28c_Rb_S156_L004,CMS_002_28d_Rb_S157_L004,CMS_002_28e_Rb_S158_L004,CMS_002_29a_Rb_S159_L004,CMS_002_29b_Rb_S160_L004,CMS_002_29c_Rb_S161_L004,CMS_002_29d_Rb_S162_L004,CMS_002_29e_Rb_S164_L004,CMS_002_31a_Rb_S165_L004,CMS_002_32a_Rb_S166_L004,CMS_002_33a_Rb_S167_L004,CMS_002_34a_Rb_S168_L004,CMS_002_35a_Rb_S169_L004,CMS_002_36a_Rb_S170_L004,CMS_002_37a_Rb_S171_L004,CMS_002_38a_Rb_S172_L004,CMS_002_39a_Rb_S173_L004,CMS_002_40a_Rb_S174_L004,CMS_002_41a_Rb_S176_L004,CMS_002_42a_Rb_S177_L004,CMS_002_44a_Rb_S178_L004,CMS_002_44b_Rb_S179_L004,CMS_002_44c_Rb_S180_L004,CMS_002_44d_Rb_S181_L004,CMS_002_44e_Rb_S182_L004,CMS_002_45a_Rb_S183_L004,CMS_002_45b_Rb_S184_L004,CMS_002_45c_Rb_S185_L004,CMS_002_45d_Rb_S186_L004,CMS_002_45e_Rb_S188_L004,CMS_002_45f_Rb_S189_L004,CMS_002_45g_Rb_S190_L004,CMS_002_46a_Rb_S191_L004,CMS_002_46b_Rb_S192_L004,CMS_002_47a_Rb_S193_L004,CMS_002_47b_Rb_S194_L004,CMS_002_47c_Rb_S195_L004,CMS_002_47d_Rb_S196_L004,CMS_002_47e_Rb_S197_L004,CMS_002_47f_Rb_S198_L004,CMS_002_47g_Rb_S200_L004,CMS_002_47h_Rb_S1_L004,CMS_002_47i_Rb_S2_L004,CMS_002_47j_Rb_S3_L004,CMS_002_49a_Rb_S4_L004,CMS_002_4a_Rb_S117_L004,CMS_002_50a_Rb_S5_L004,CMS_002_51a_Rb_S6_L004,CMS_002_54a_Rb_S8_L004,CMS_002_56a_Rb_S9_L004,CMS_002_57a_Rb_S10_L004,CMS_002_7a_Rb_S118_L004,CMS_002_RNA_A_S1,CMS_003_RNA_A_S2,CMS_004_RNA_A_S2,CMS_005_RNA_A_S3,CMS_006_RNA_A_S5,CMS_007_RNA_A_S12,CMS_008_RNA_A_S3,CMS_009_RNA_A_S13,CMS_010_RNA_A_S1,CMS_011_RNA_A_S4,CMS_012_RNA_A_S4,CMS_013_RNA_A_S5,CMS_014_RNA_A_S5,CMS_015_RNA_A_S13,CMS_016_RNA_A_S6,CMS_017_RNA_A_S6,CMS_018_RNA_A_S14,CMS_019_RNA_A_S14,CMS_020_RNA_A_S15,CMS_021_RNA_A_S16,CMS_022_RNA_A_S6,CMS_023_RNA_A_S17,CMS_024_RNA_A_S15,CMS_025_RNA_A_S7,CMS_026_RNA_A_S18,CMS_027_RNA_A_S16,CMS_028_RNA_A_S17,CMS_029_RNA_A_S18,CMS_030_RNA_A_S7,CMS_031_RNA_A_S19,CMS_032_RNA_A_S7,CMS_033_RNA_A_S8,CMS_034_RNA_A_S19,CMS_035_RNA_A_S20,CMS_036_RNA_A_S20,CMS_037_RNA_A_S21,CMS_038_RNA_A_S22,CMS_039_RNA_A_S9,CMS_040_RNA_A_S21,CMS_041_RNA_A_S10,CMS_042_RNA_A_S23,CMS_043_RNA_A_S24,CMS_044_RNA_A_S25,CMS_045_RNA_A_S2,CMS_046_RNA_A_S3,CMS_047_RNA_A_S4,CMS_048_RNA_A_S5,CMS_049_RNA_A_S6,CMS_050_RNA_A_S23,CMS_051_RNA_A_S8,CMS_052_RNA_A_S7,CMS_053_RNA_A_S8,CMS_054_RNA_A_S11,CMS_055_RNA_A_S9,CMS_056_RNA_A_S10,CMS_057_RNA_A_S11,CMS_058_RNA_A_S9,CMS_059_RNA_A_S10,CMS_060_RNA_A_S12
CMS002_053a_Rb_S7_L004,Culex,pipiens,Culex,erythrothorax,0.0,0.000195676,0.00170305,0.00165613,0.00680272,0.00699301,0.00715696,0.00704556,0.00716403,0.00699469,0.00722369,0.00700822,0.00691629,0.00204559,0.00712589,0.00720461,0.00686028,0.00607238,0.00677802,0.00752056,0.00188953,0.00194117,0.00771988,0.00716757,0.00788002,0.0067021,0.00676819,0.00724076,0.00585366,0.0059657,0.00555287,0.00605449,0.00583294,0.00123286,0.00209299,0.000223589,0.00041135300000000004,0.00031334900000000004,0.000320102,0.000206548,0.00327589,0.00223447,0.00257954,0.00294448,0.00235849,0.00232964,0.00341348,0.00232254,0.00208706,0.00259217,0.00266825,0.00255283,0.0025059,0.00248067,0.00246163,0.00263158,0.00326158,0.00633236,0.00646372,0.00702519,0.00628492,0.00608011,0.00629224,0.00563864,0.00607399,0.00563173,0.00622126,0.00593855,0.00544712,0.00166717,0.00211066,0.000407955,0.0,0.000324675,0.0005438330000000001,0.00022366400000000002,0.00044145199999999995,0.000220119,0.000210526,0.000216732,0.00032209599999999996,0.00238735,0.00167428,0.00195842,0.00181351,0.00158061,0.00221697,0.00189366,0.00739744,0.0024864,0.007109000000000001,0.00203411,0.00706402,0.00010482200000000001,0.0,0.00659824,0.00639659,0.0,0.0,0.00644015,0.00023837900000000002,0.00691443,0.00011614399999999999,0.00712854,0.0,0.0,0.00044792800000000005,0.00022768700000000002,0.000332926,0.0,0.0,0.0,0.00645624,0.00608757,0.00248403,0.00241779,0.00179007,0.00173085,0.0025558000000000004,0.00245324,0.00295989,0.00278879,0.0,0.00338883,0.0,0.00244088,0.00233936,0.00178476,0.00170728,0.0024506,0.00228973,0.00155844,0.00022172900000000002,0.00230911,0.0,0.0,0.00032591,0.000129988,0.00258856,0.0,0.000120424,0.00208067,0.0,0.0,0.000118036,0.0,0.00207154,0.0066437
CMS001_001_Ra_S1,Culex,erythrothorax,Culex,erythrothorax,0.000195676,0.0,0.00176471,0.00210467,0.00712082,0.007611799999999999,0.00774631,0.00802076,0.00831409,0.00890347,0.00802455,0.00860465,0.00829187,0.00222717,0.00741256,0.00729761,0.00728988,0.00661469,0.00663036,0.00762829,0.00192731,0.00199373,0.00817942,0.00793651,0.00831906,0.00743746,0.00795564,0.00784016,0.00705716,0.00746791,0.010407799999999998,0.00972255,0.00790425,0.0015006,0.00309478,0.000327118,0.000412456,0.000505153,0.000310623,0.00174187,0.00301917,0.00231014,0.00210143,0.00229451,0.00255678,0.00412,0.00304246,0.00264219,0.0020903000000000002,0.00245399,0.00253307,0.00239936,0.00426743,0.0023853000000000004,0.00243704,0.00446136,0.0032869,0.0065271999999999995,0.00687214,0.00742693,0.00698705,0.00653018,0.00768883,0.00773694,0.00692713,0.00632603,0.00728745,0.00649857,0.00598007,0.00205822,0.00228474,0.000521812,0.0,0.00030674799999999997,0.00021645,0.00032397400000000004,0.00043426300000000005,0.000311332,0.000312305,0.00021431599999999999,0.000216708,0.00231314,0.0018797,0.00205339,0.00235988,0.00190311,0.00209176,0.00250104,0.00738168,0.00242571,0.00675076,0.00234742,0.00745537,0.0,0.0,0.00736167,0.00785458,0.0,0.00093617,0.00684664,0.000111421,0.00678295,0.000115996,0.00694712,0.0,0.00115643,0.00010946899999999999,0.00113016,0.0,0.00263132,0.000214041,0.00012327399999999999,0.00650558,0.00717905,0.00311332,0.00268513,0.00298041,0.00184332,0.00310078,0.00305404,0.00288066,0.00260881,0.00358574,0.00294365,0.00105686,0.00297804,0.002215,0.00192442,0.0022941999999999997,0.00215146,0.00287169,0.00185591,0.00039852,0.00266951,0.00170078,0.00021376700000000002,0.000539423,0.000478881,0.00213514,0.0,0.000114639,0.00257771,0.00024245400000000002,0.0,0.00029221,0.000527565,0.00327485,0.00686716
CMS002_010a_Rb_S119_L004,Culex,quinquefasciatus,Culex,quinquefasciatus,0.00170305,0.00176471,0.0,0.0,0.00652774,0.00650163,0.00715198,0.00736227,0.006367800000000001,0.00629089,0.00687623,0.00676183,0.00659564,0.0,0.00649351,0.00626355,0.00639507,0.00546584,0.00636787,0.00673077,0.00012149200000000001,0.000125094,0.00691946,0.00687285,0.00674624,0.00623651,0.00664282,0.0067726,0.00534387,0.0055355,0.00568047,0.00552903,0.00559571,0.0,0.00020414400000000002,0.00157431,0.00154416,0.00186018,0.00153752,0.0023663,0.00183374,0.00172036,0.00169832,0.00165963,0.001823,0.00201114,0.00208167,0.00185185,0.00189424,0.00186422,0.0019154,0.00167072,0.00156055,0.00171848,0.00186712,0.00204499,0.00186726,0.00529194,0.00593146,0.00620347,0.005795000000000001,0.00551065,0.00536746,0.00567156,0.00577201,0.00556962,0.00585447,0.00569414,0.00499319,0.0,0.0,0.00200989,0.00169005,0.00173474,0.00176367,0.00157332,0.00155304,0.00190204,0.00155885,0.00171153,0.00178369,0.00095943,0.0,0.00085491,0.00104058,0.000787712,0.0016753,0.000866337,0.00663507,0.00178369,0.00660442,0.0007968130000000001,0.00637378,0.00160026,0.0014301,0.00669643,0.00657722,0.00163425,0.00172117,0.00609613,0.00177305,0.00618698,0.0016469000000000002,0.00586992,0.00164096,0.00134093,0.00163773,0.00163265,0.00157679,0.00150175,0.00161655,0.00143807,0.00666831,0.00584226,0.00165107,0.00204673,0.0009735739999999999,0.0006483680000000001,0.00159292,0.00174216,0.00203443,0.00186625,0.00129318,0.00190325,0.00180476,0.00174271,0.00176707,0.00129438,0.000767291,0.00173721,0.00173913,0.0007260410000000001,0.00224755,0.00175803,0.00220488,0.00194868,0.00171714,0.00182415,0.00179748,0.00166223,0.00179592,0.00102145,0.00161447,0.0015005,0.00196239,0.00167888,0.000718612,0.00604534
CMS002_013a_Rb_S120_L004,Culex,quinquefasciatus,Culex,quinquefasciatus,0.00165613,0.00210467,0.0,0.0,0.00640394,0.00644699,0.00642704,0.00590104,0.00653911,0.00675839,0.00627262,0.00630631,0.00661157,0.000168364,0.00700145,0.006271100000000001,0.00636642,0.00584647,0.00648571,0.00731886,0.00010927799999999999,0.00042238599999999996,0.00637724,0.00626014,0.00703694,0.00563014,0.00672542,0.00667865,0.0050030000000000005,0.00495152,0.00565771,0.00564972,0.00512416,0.0,0.000407498,0.00166289,0.00164057,0.00209268,0.00175362,0.00240421,0.00216294,0.00208488,0.00193712,0.00202957,0.00220718,0.00235229,0.00228278,0.00186007,0.00205008,0.00253469,0.0018385,0.00199715,0.00192024,0.00202781,0.00181945,0.00240691,0.00182633,0.00529462,0.00556931,0.00637255,0.00536147,0.00509165,0.00527945,0.00524396,0.00539568,0.00538642,0.00547536,0.00531658,0.00503884,0.0,9.04895e-05,0.00207377,0.0018074999999999999,0.00177069,0.0019805,0.00183374,0.00176445,0.00224551,0.00162027,0.00196315,0.00178891,0.0009684060000000001,9.26183e-05,0.000686263,0.00109573,0.000687758,0.00179261,0.000735913,0.00733945,0.00208634,0.00714445,0.000669344,0.00671987,0.00168919,0.00141368,0.00723914,0.00660153,0.00156274,0.00181681,0.00587836,0.00198201,0.00633981,0.00162101,0.00635686,0.00206055,0.00145537,0.00174244,0.00171527,0.00165414,0.00146318,0.00157505,0.00143087,0.00692726,0.00612918,0.00163191,0.00210799,0.0007852380000000001,0.000617338,0.00153165,0.00211098,0.00224435,0.00191317,0.00127342,0.0020437999999999997,0.00178804,0.00199816,0.00201613,0.00127598,0.000697958,0.00195577,0.00197929,0.000922793,0.00232086,0.00197869,0.00235809,0.00284585,0.0016957,0.0019678,0.00205508,0.00181488,0.00176764,0.000768566,0.00158907,0.00163961,0.00219298,0.00202546,0.000786349,0.00645161
CMS002_016a_Rb_S121_L004,Aedes,aegypti,Aedes,aegypti,0.00680272,0.00712082,0.00652774,0.00640394,0.0,0.00011745399999999999,0.0,0.0,0.00023571,0.0006152330000000001,0.000352402,0.00049134,0.0,0.00707662,0.00731305,0.00676622,0.006765899999999999,0.00633505,0.00654359,0.00714615,0.00678623,0.00692384,0.00038925699999999995,0.000240993,0.00035194699999999997,0.000347866,0.00011443,0.000472144,0.00314622,0.00315877,0.00337325,0.00334616,0.00334952,0.00630676,0.00641658,0.00731954,0.00693756,0.00694617,0.00718711,0.00664043,0.00522193,0.005950899999999999,0.00561112,0.00580833,0.00600052,0.00581536,0.00617742,0.00590406,0.00630762,0.00611098,0.00609292,0.00586717,0.00533722,0.005850800000000001,0.005850800000000001,0.0061546000000000005,0.00609756,0.0,0.000380421,0.000240848,0.000232693,0.000508971,0.00321388,0.00256643,0.00324613,0.0035,0.00310162,0.00338259,0.0030303,0.00586224,0.00693069,0.00681929,0.00698925,0.007094,0.00700389,0.00705823,0.00731529,0.00723553,0.00675676,0.00731584,0.00718686,0.00705467,0.00595386,0.00671475,0.00651792,0.005820399999999999,0.00566363,0.00667161,0.0069867,0.00562804,0.00707965,0.00611933,0.00673474,0.00708323,0.00664636,0.00646552,0.00684932,0.00698216,0.00719068,0.00470898,0.00719055,0.00685372,0.00647668,0.00641309,0.00689655,0.00642839,0.0066718,0.00734908,0.00684411,0.00645161,0.00688424,0.00642279,0.007124200000000001,0.00672542,0.00561798,0.00508647,0.00589496,0.00678459,0.00587136,0.00577164,0.00615006,0.00603282,0.00620417,0.00602258,0.00644164,0.00600751,0.00573423,0.00636943,0.00593702,0.00590551,0.00589246,0.00616292,0.00733064,0.00600751,0.0064154,0.00691067,0.00653595,0.00672834,0.00599769,0.00654793,0.00644662,0.00628773,0.00716479,0.00693518,0.00690571,0.00687693,0.00650255,0.00655817
CMS002_017a_Rb_S122_L004,Aedes,aegypti,Aedes,aegypti,0.00699301,0.007611799999999999,0.00650163,0.00644699,0.00011745399999999999,0.0,0.00032167299999999997,0.00015805299999999999,8.00448e-05,0.00011326299999999999,0.0007920789999999999,0.00056397,0.0014842,0.00680768,0.00733945,0.00690312,0.00695535,0.00663507,0.00677728,0.007151100000000001,0.00647482,0.00680603,0.000129383,0.00011636,0.000549511,0.00033274199999999997,0.000529437,0.000325415,0.00341241,0.00344884,0.00360478,0.00334672,0.00440044,0.00601504,0.00643087,0.00758342,0.00712181,0.00661278,0.00716403,0.00671475,0.00541686,0.00620501,0.00584368,0.00586441,0.00642674,0.00615676,0.00655977,0.00622904,0.00661278,0.00639659,0.00638978,0.00654664,0.00571565,0.00620081,0.00626204,0.00643777,0.00616953,0.000226244,0.00025182599999999997,0.000226398,0.00021800700000000002,0.000249097,0.00399631,0.00289436,0.00371402,0.00392606,0.00373998,0.00346921,0.00390486,0.00604686,0.00707428,0.00664207,0.00713908,0.00736976,0.00693553,0.0071066,0.00738916,0.00702282,0.00711482,0.00682927,0.00734921,0.00723012,0.00602864,0.00673317,0.0064261000000000006,0.00576132,0.00599952,0.00688468,0.00774679,0.00557951,0.00665236,0.00613811,0.00688913,0.007453100000000001,0.00667966,0.00634101,0.00634196,0.00722954,0.00718533,0.00485437,0.00750323,0.00716242,0.0066718,0.00634573,0.00714286,0.00650195,0.00735294,0.00758964,0.00679758,0.00626632,0.00694981,0.00679502,0.00657123,0.00691244,0.00560695,0.00518807,0.00568643,0.00694278,0.00641883,0.00575576,0.00645161,0.00615006,0.00619369,0.00585794,0.00649688,0.0060423000000000004,0.00578325,0.00631277,0.00595084,0.00594059,0.00598504,0.006228,0.00757767,0.00604686,0.00669165,0.00730308,0.00693584,0.00686892,0.00647549,0.00656685,0.00637267,0.00673924,0.00742068,0.00687649,0.00691673,0.00718219,0.0067082999999999995,0.00655181
CMS002_017b_Rb_S123_L004,Aedes,aegypti,Aedes,aegypti,0.00715696,0.00774631,0.00715198,0.00642704,0.0,0.00032167299999999997,0.0,0.000302435,0.000460794,0.000232207,0.00048220699999999996,0.000312476,0.00177605,0.00665845,0.00716101,0.00689655,0.00675518,0.0062201,0.006836399999999999,0.00726506,0.00662414,0.00686106,0.000123153,0.000110193,0.00022150799999999998,0.00021173,0.0001048,0.000109709,0.00337729,0.00322581,0.00337133,0.00336644,0.00361011,0.00645661,0.00674326,0.00719979,0.00742574,0.00720139,0.00725726,0.00702282,0.00581255,0.00633553,0.00628773,0.00632296,0.00638896,0.00624711,0.00658979,0.00650132,0.00665874,0.006595999999999999,0.00607903,0.00707881,0.00607681,0.00662565,0.00658204,0.00636042,0.00607341,0.00011061899999999999,0.00011855399999999999,0.00011392100000000001,0.00021537799999999998,0.000360101,0.00376412,0.0026916,0.00337778,0.00388538,0.00346981,0.00321707,0.00353595,0.00606367,0.00686499,0.00673317,0.00676014,0.00734921,0.00721278,0.00721464,0.00717644,0.00731215,0.00719782,0.007003499999999999,0.00704403,0.00691358,0.00642508,0.00675845,0.0069808000000000005,0.00584633,0.00616438,0.00688468,0.0072513000000000005,0.00590046,0.00707651,0.00622084,0.00660066,0.0077101,0.00660611,0.00650916,0.00658395,0.00724076,0.00762583,0.00519931,0.00776398,0.00747746,0.00681342,0.00644731,0.00710339,0.00645661,0.00706621,0.00732409,0.00708323,0.00652571,0.00688424,0.00673779,0.0066762,0.00674732,0.00596591,0.00510074,0.00628244,0.00758132,0.00640683,0.00610998,0.00702635,0.00670807,0.00616074,0.00641975,0.00699663,0.00632911,0.0060423000000000004,0.00621293,0.00596009,0.00633072,0.00577889,0.0061008,0.00728686,0.00635809,0.00680087,0.00729927,0.00700701,0.00683371,0.00642551,0.00671682,0.00654965,0.00649182,0.00760357,0.00727371,0.00701187,0.00755729,0.00705882,0.00633528
CMS002_017c_Rb_S124_L004,Aedes,aegypti,Aedes,aegypti,0.00704556,0.00802076,0.00736227,0.00590104,0.0,0.00015805299999999999,0.000302435,0.0,0.00015271799999999998,0.000357654,0.000643205,0.000596748,0.00165659,0.00685938,0.00709382,0.00680272,0.00706633,0.00618312,0.00662252,0.00796813,0.00700145,0.00753341,0.00012608700000000001,0.000109806,0.000113675,0.000104373,0.00041806,0.00022439099999999997,0.0031746,0.00323226,0.00302618,0.003367,0.00324309,0.00636132,0.00667986,0.00748967,0.00765621,0.00730105,0.00761858,0.00697732,0.00638751,0.00663943,0.00675676,0.00676655,0.00671141,0.00640889,0.00677966,0.00675204,0.0072093,0.00679527,0.00594872,0.00745399,0.0063981,0.00652859,0.00622184,0.00696561,0.00620448,0.00011556700000000001,0.00012187700000000001,0.000231321,0.00020829,0.00023488,0.00355927,0.00280187,0.00310661,0.00422999,0.00328947,0.00301971,0.00333834,0.00629247,0.00760456,0.00729572,0.0066461,0.00742023,0.00700175,0.00781047,0.0070593999999999995,0.00785805,0.00720115,0.00700525,0.00704396,0.00766834,0.00650651,0.00684237,0.00702459,0.00580271,0.00657197,0.00765054,0.00790861,0.00616491,0.0075643,0.00621279,0.00721868,0.00769428,0.00721421,0.00704054,0.00690008,0.00775595,0.00756239,0.00582597,0.00753834,0.00747225,0.00674274,0.00700066,0.00716751,0.00691421,0.0073723,0.00730117,0.007094,0.00682415,0.00695339,0.00677966,0.00720595,0.00718091,0.00592384,0.00532995,0.00594916,0.00809022,0.00687285,0.00630994,0.00749064,0.00735114,0.00616419,0.00660793,0.00724263,0.0068113,0.00613497,0.006607300000000001,0.00667522,0.00607134,0.00635852,0.0064154,0.0071576999999999995,0.00611465,0.00653239,0.00721649,0.00693584,0.006859100000000001,0.00695088,0.00695745,0.00684031,0.00689303,0.00784519,0.00734294,0.00697612,0.007459100000000001,0.00797812,0.00671463
CMS002_017d_Rb_S125_L004,Aedes,aegypti,Aedes,aegypti,0.00716403,0.00831409,0.006367800000000001,0.00653911,0.00023571,8.00448e-05,0.000460794,0.00015271799999999998,0.0,0.0,0.0007121060000000001,0.000456586,0.00160162,0.00728277,0.00759013,0.00716332,0.00725825,0.00651073,0.00665874,0.00695572,0.00633683,0.00679416,0.000126358,0.0001167,0.00011222100000000001,0.000225861,0.00021937,0.00023044099999999998,0.00307792,0.00308792,0.00302644,0.00320946,0.00328484,0.00594776,0.00613196,0.00723888,0.00727912,0.00699475,0.00733806,0.00677541,0.00674732,0.00653595,0.00649351,0.00659341,0.00653595,0.00662252,0.00826837,0.00684429,0.00734214,0.00686228,0.00664925,0.00784593,0.00668049,0.00681597,0.00668577,0.00685579,0.00662603,0.00021692,0.000253197,0.00035608300000000004,0.00022558099999999998,0.00037471900000000003,0.00316506,0.00258695,0.00364232,0.00375633,0.00359906,0.00337667,0.00343171,0.00595084,0.00702106,0.00677541,0.00697314,0.00737913,0.00683891,0.00725953,0.00748316,0.00727364,0.00723012,0.00691244,0.00736227,0.00675507,0.00671314,0.00634357,0.00659229,0.005887300000000001,0.00688673,0.00677201,0.007351300000000001,0.00566281,0.00749229,0.00619515,0.00751547,0.00765111,0.00674726,0.00654387,0.00711382,0.00746845,0.00758725,0.00554387,0.00749741,0.00798619,0.00658588,0.00687972,0.00713908,0.00679758,0.00704777,0.00708104,0.00718501,0.00661201,0.00675325,0.00737589,0.00639356,0.007133,0.0059812,0.005437600000000001,0.00598639,0.00744971,0.00646378,0.006,0.00700701,0.00750375,0.00657707,0.00650488,0.00669585,0.00591716,0.00587184,0.00640466,0.00627451,0.00626252,0.00625469,0.00570342,0.00734934,0.00611845,0.00679902,0.00733945,0.00678392,0.00749712,0.00664767,0.0069241,0.00679561,0.00618876,0.00733753,0.00722698,0.00816743,0.00759915,0.00691085,0.0065312
CMS002_017e_Rb_S126_L004,Aedes,aegypti,Aedes,aegypti,0.00699469,0.00890347,0.00629089,0.00675839,0.0006152330000000001,0.00011326299999999999,0.000232207,0.000357654,0.0,0.0,0.0,0.00023025599999999997,0.000351165,0.00652647,0.00791434,0.007554300000000001,0.0078125,0.00686228,0.00719258,0.00743494,0.00631681,0.00656455,0.000132065,0.000619118,0.00035071300000000006,0.000710985,0.000339328,0.000590249,0.00344658,0.00362558,0.00458265,0.00378414,0.00368413,0.00603318,0.00667986,0.00684584,0.00719603,0.00684764,0.00714638,0.00828258,0.00519481,0.00575576,0.00542005,0.00594813,0.00574263,0.00734249,0.00613648,0.00580973,0.00635231,0.00582807,0.00599101,0.00606202,0.00578592,0.00604303,0.00586081,0.00789096,0.00589181,0.000606281,0.00066454,0.00061297,0.000116225,0.000790722,0.00358367,0.0026643,0.00340651,0.0037935000000000004,0.00326857,0.00338259,0.00339893,0.00648217,0.00726817,0.00662902,0.00696491,0.00725389,0.00695518,0.00715929,0.00681099,0.00726817,0.00728277,0.00671976,0.00687373,0.00730847,0.00601202,0.00653266,0.00644043,0.00605394,0.00577339,0.00685435,0.00685841,0.00537359,0.00714286,0.00613811,0.00679983,0.00717765,0.00696961,0.00687693,0.00735667,0.00704042,0.00723012,0.00455063,0.00769231,0.00773196,0.00696774,0.00682669,0.00693333,0.00674624,0.00702759,0.00706067,0.00650163,0.00655652,0.00670449,0.00652667,0.00682192,0.00718591,0.00592885,0.00647333,0.00573301,0.00720634,0.0061268,0.00575432,0.00651629,0.00622355,0.00621118,0.00588235,0.00697134,0.00627353,0.00555556,0.00659971,0.00643666,0.00581395,0.00552903,0.00645856,0.00894855,0.0058346000000000005,0.00838355,0.00732792,0.006940999999999999,0.00822695,0.00613208,0.00684571,0.00670276,0.00724076,0.0075188,0.00689838,0.00830522,0.0069262,0.00744879,0.00656455
CMS002_018a_Rb_S128_L004,Aedes,aegypti,Aedes,aegypti,0.00722369,0.00802455,0.00687623,0.00627262,0.000352402,0.0007920789999999999,0.00048220699999999996,0.000643205,0.0007121060000000001,0.0,0.0,0.000384025,0.000879679,0.00673887,0.00724802,0.00685558,0.00681019,0.00638978,0.00636219,0.00685558,0.00696111,0.00701839,0.000133815,0.000244588,0.000230947,0.00034626,0.00021893799999999998,0.000445931,0.00315824,0.00336304,0.0034001999999999995,0.00318365,0.00340854,0.006271100000000001,0.00679777,0.0070922,0.00745192,0.00688509,0.00746448,0.00682594,0.00577101,0.00593325,0.00636943,0.0062069,0.00622245,0.00636163,0.0066568,0.00634921,0.00662089,0.00685602,0.00632751,0.00657298,0.00565504,0.0066143999999999994,0.00657574,0.00684095,0.00616457,0.000468439,0.00039344300000000005,0.00046761800000000005,0.00010810799999999999,0.000525486,0.00353955,0.0027023000000000004,0.00348432,0.00347337,0.00336952,0.00343394,0.00326383,0.00629083,0.00664861,0.00700991,0.00701187,0.00730479,0.00720535,0.007475700000000001,0.0067535,0.007972100000000001,0.00681597,0.00675676,0.00722208,0.00766947,0.00675839,0.006553399999999999,0.00718219,0.0058906,0.00665845,0.00709555,0.0077656999999999995,0.0060030000000000005,0.00682012,0.00604078,0.00686356,0.00742068,0.00694637,0.00630252,0.00629564,0.00700389,0.00758132,0.00475842,0.00740174,0.00695176,0.00684064,0.00621917,0.00687285,0.00687023,0.00670795,0.00703491,0.00698254,0.00665472,0.00702282,0.00645886,0.00657586,0.00636798,0.00623229,0.00548589,0.00578035,0.00761723,0.00623475,0.00594796,0.00721154,0.00712928,0.00628212,0.00661278,0.00742448,0.00651139,0.006024100000000001,0.00669188,0.00642674,0.00646766,0.00591716,0.00584174,0.00744544,0.00624688,0.00661551,0.00715563,0.00722717,0.00684346,0.00663312,0.00672182,0.00660737,0.00620797,0.00717029,0.00710339,0.00713719,0.00699627,0.00775194,0.00666667
CMS002_018b_Rb_S129_L004,Aedes,aegypti,Aedes,aegypti,0.00700822,0.00860465,0.00676183,0.00630631,0.00049134,0.00056397,0.000312476,0.000596748,0.000456586,0.00023025599999999997,0.000384025,0.0,0.00181788,0.00717822,0.00774648,0.00732687,0.00798904,0.00648415,0.00724807,0.00768335,0.00700822,0.00775776,0.0,0.00021265299999999998,0.000111919,0.000312435,0.000207706,0.00022652599999999998,0.00358369,0.00376393,0.00348685,0.00390294,0.00386473,0.00641355,0.00706535,0.0075358000000000005,0.00782205,0.00732422,0.00792275,0.00721752,0.00584385,0.00655242,0.0066388,0.00643777,0.00604303,0.00606061,0.00627615,0.00664294,0.00710357,0.00682157,0.00535289,0.00743149,0.00612053,0.00612022,0.0063762,0.00581395,0.00614645,0.000463607,0.000359066,0.00035910900000000003,0.000105675,0.000457247,0.0041744,0.00291971,0.00337566,0.00440182,0.00357201,0.00308976,0.00331963,0.00705823,0.00759109,0.00675513,0.00632482,0.00756098,0.0070529,0.00720721,0.00753158,0.00767327,0.00714638,0.00725544,0.00696111,0.00785153,0.007090399999999999,0.00731769,0.00730295,0.00585121,0.00578273,0.00810612,0.007970699999999999,0.00591564,0.00805048,0.00636618,0.00782406,0.00796506,0.00691946,0.00697283,0.00665302,0.00715198,0.00769995,0.00597238,0.00821777,0.00900322,0.00699663,0.00815626,0.00715232,0.00661914,0.00733176,0.00726518,0.0072956,0.00673575,0.00722022,0.00677966,0.00707714,0.00778032,0.00620242,0.00548303,0.00597501,0.00815348,0.00665425,0.006024100000000001,0.00791491,0.00686611,0.00623229,0.00680603,0.00716662,0.0064741,0.00608211,0.00660161,0.00643335,0.00650651,0.00596421,0.00664011,0.00698985,0.00657562,0.006744,0.00763962,0.007400100000000001,0.00690052,0.00651314,0.00663306,0.00704777,0.00689831,0.00754422,0.00723473,0.00717894,0.00805496,0.00798358,0.00751151
CMS002_019a_Rb_S130_L004,Aedes,aegypti,Aedes,aegypti,0.00691629,0.00829187,0.00659564,0.00661157,0.0,0.0014842,0.00177605,0.00165659,0.00160162,0.000351165,0.000879679,0.00181788,0.0,0.00661117,0.00764951,0.00715137,0.00762477,0.0064347,0.00681551,0.00771569,0.00656136,0.0076055,0.000245248,0.000108885,0.000109146,0.00010367,0.000104428,0.000223689,0.00313234,0.0033049999999999998,0.00322878,0.00335121,0.00343232,0.00618079,0.00669477,0.00739042,0.00736377,0.00712356,0.00767897,0.00690506,0.0056444,0.00657562,0.00622045,0.00629083,0.00635163,0.00626819,0.00656406,0.00655817,0.00686228,0.00681663,0.00602544,0.00724299,0.00588512,0.00629958,0.00620292,0.00665188,0.00613333,0.0,0.00011919,0.000116184,0.000213538,0.000353315,0.0034499,0.00278435,0.00329118,0.00381558,0.00340832,0.00323415,0.00351818,0.00606827,0.00730847,0.00700314,0.00664137,0.00762002,0.00708323,0.00773595,0.00746454,0.00753012,0.00748316,0.007003499999999999,0.00699132,0.00732422,0.00642508,0.00685801,0.007003499999999999,0.00584958,0.00596158,0.00704739,0.00746105,0.00587334,0.00743007,0.0064119,0.00770878,0.00774994,0.00666296,0.00666984,0.00636456,0.0075266000000000005,0.00795031,0.0050439,0.00750712,0.0078125,0.00677083,0.00659921,0.00709034,0.00649351,0.00730689,0.00730498,0.00708861,0.00711275,0.00667351,0.00652297,0.00682353,0.00678204,0.00566572,0.00525486,0.00573457,0.00756651,0.00647075,0.00601353,0.00673821,0.00663065,0.00623583,0.0066388,0.00694444,0.00655903,0.00605755,0.00635654,0.00619195,0.00606214,0.00593472,0.00647773,0.00744476,0.0060423000000000004,0.00647773,0.00726706,0.00675169,0.00691045,0.00629811,0.00664187,0.00655136,0.00706067,0.00785752,0.0071598999999999986,0.00694444,0.00778399,0.00764951,0.00651387
CMS002_001a_Rb_S116_L004,Culex,quinquefasciatus,Culex,quinquefasciatus,0.00204559,0.00222717,0.0,0.000168364,0.00707662,0.00680768,0.00665845,0.00685938,0.00728277,0.00652647,0.00673887,0.00717822,0.00661117,0.0,0.00642398,0.0064301,0.00624133,0.00572139,0.00649195,0.00758653,0.00115003,0.00043280699999999995,0.00679163,0.00707362,0.00677541,0.00632318,0.00641184,0.00676555,0.00513919,0.00521187,0.00547405,0.00551823,0.00527821,0.00027178799999999997,0.000748379,0.00180018,0.00163472,0.00206551,0.00202576,0.00222982,0.00227111,0.00194436,0.00215115,0.00300259,0.00190024,0.00217391,0.00260983,0.00175541,0.00180696,0.0018846,0.00197719,0.00183099,0.00203636,0.00207009,0.00177962,0.00253165,0.0020961,0.00566524,0.00582776,0.00609013,0.00583554,0.0054615,0.00506377,0.00556258,0.00576037,0.00563587,0.00576448,0.00580169,0.00509639,0.0007772689999999999,0.00025906700000000003,0.00233816,0.00195727,0.00164228,0.00216316,0.00182371,0.00206368,0.00255639,0.00191289,0.00176809,0.00237494,0.000863878,0.000361239,0.000787579,0.00101947,0.000821982,0.00175413,0.00110412,0.00704545,0.00203507,0.00669402,0.00143048,0.00640752,0.00179506,0.0013947,0.00689655,0.00680272,0.00156421,0.00180045,0.00604297,0.00183993,0.00604752,0.00159033,0.00665336,0.00187999,0.0014730000000000001,0.00174133,0.00155521,0.00179856,0.00192061,0.00171473,0.00156196,0.00647637,0.00612053,0.00180636,0.00245499,0.00126167,0.00133274,0.00154613,0.00184928,0.00191402,0.00315729,0.00124755,0.00221992,0.00191052,0.00200803,0.00203698,0.00146039,0.000813743,0.00229533,0.00179695,0.00083316,0.0025358,0.00182482,0.002135,0.00265459,0.00164449,0.00193901,0.0030662,0.00178542,0.00174909,0.00087822,0.00156177,0.00145208,0.0020508,0.00232897,0.0015652,0.0062004
CMS002_020a_Rb_S131_L004,Culiseta,particeps,Culiseta,particeps,0.00712589,0.00741256,0.00649351,0.00700145,0.00731305,0.00733945,0.00716101,0.00709382,0.00759013,0.00791434,0.00724802,0.00774648,0.00764951,0.00642398,0.0,0.0,0.0,0.00032393900000000003,0.00019142400000000002,0.00205058,0.00672698,0.00754625,0.00651551,0.00699638,0.00706283,0.0072177,0.00718591,0.00750969,0.00743405,0.00745371,0.00743584,0.00726676,0.007133,0.00616371,0.00653911,0.00682261,0.00686228,0.00625903,0.00648571,0.00621266,0.00547071,0.00660308,0.00675676,0.00660066,0.00679074,0.00642857,0.00679447,0.00648104,0.0070922,0.00706456,0.00681763,0.00696217,0.00628171,0.00648415,0.00614222,0.0070593999999999995,0.00625652,0.00819142,0.00712531,0.00698487,0.00748984,0.00715563,0.00698355,0.00690476,0.00623539,0.00780326,0.00720721,0.00726817,0.00781053,0.00629388,0.00710262,0.00696948,0.00708681,0.00736377,0.00681431,0.007106100000000001,0.00668577,0.00639449,0.00717532,0.00716846,0.00680437,0.00685267,0.00665516,0.00613642,0.00726041,0.00674764,0.006413299999999999,0.00644084,0.00146391,0.00655407,0.000125156,0.00680272,0.00169252,0.00768468,0.00704607,0.000547121,0.0,0.00754907,0.00711482,0.00630572,0.00723553,0.0014245,0.0060347000000000005,0.00250258,0.00707071,0.00627353,0.00711925,0.007314,0.00731707,0.00678051,0.006526100000000001,0.00600109,0.00013541,0.00137321,0.005755,0.00622568,0.00604309,0.00703235,0.00664011,0.00641658,0.00659824,0.00707835,0.00556328,0.00683093,0.00676522,0.00660955,0.00686779,0.00524572,0.00688775,0.00632911,0.00652331,0.00582781,0.007327800000000001,0.00617132,0.00681163,0.00675676,0.00646707,0.00629964,0.00664224,0.00663435,0.00651303,0.00698429,0.00714286,0.00644662,0.00690008,0.00711172,0.00693001,0.00191235
CMS002_020b_Rb_S132_L004,Culiseta,particeps,Culiseta,particeps,0.00720461,0.00729761,0.00626355,0.006271100000000001,0.00676622,0.00690312,0.00689655,0.00680272,0.00716332,0.007554300000000001,0.00685558,0.00732687,0.00715137,0.0064301,0.0,0.0,0.000316356,0.00034823,0.00010197799999999999,0.00228695,0.00621261,0.00705596,0.00647333,0.00692898,0.00684095,0.00667143,0.00695277,0.00703883,0.00719942,0.00699807,0.00708873,0.00693117,0.00676329,0.00589681,0.00621118,0.00656296,0.00694611,0.0062439999999999996,0.00619638,0.006271100000000001,0.00550459,0.00612295,0.00649038,0.006413299999999999,0.00664792,0.0062515,0.00667821,0.00605473,0.00680437,0.00659663,0.00634456,0.00625,0.00576784,0.00630456,0.0056684,0.00679777,0.00600209,0.00773481,0.00710088,0.00682996,0.00732759,0.00735463,0.006453100000000001,0.00652647,0.00613497,0.00720461,0.00705329,0.00680444,0.00737351,0.00630609,0.00701161,0.00672915,0.00728408,0.00735474,0.00649351,0.00659502,0.00640721,0.00608569,0.00688836,0.00683093,0.00676014,0.00699469,0.00659019,0.00613642,0.00680272,0.00661157,0.00605327,0.0066778,0.00106109,0.00622975,0.0,0.00647088,0.0011564,0.007433100000000001,0.00707098,0.000564175,0.0,0.00682853,0.00706456,0.00541712,0.00692042,0.0011549000000000002,0.00596421,0.00194582,0.00680615,0.00628457,0.00646445,0.00728094,0.00660631,0.0068614999999999995,0.00637411,0.00606729,0.000701557,0.00106093,0.00643897,0.00648845,0.00603516,0.00727187,0.006335800000000001,0.00610948,0.00666825,0.00664137,0.00556948,0.00614402,0.00664697,0.00652647,0.00637255,0.00585447,0.00637755,0.0062954,0.00626808,0.0055336000000000005,0.00693756,0.00602555,0.00650364,0.00663554,0.00634249,0.00627729,0.00631769,0.00657562,0.00652774,0.00657574,0.00663065,0.00615069,0.00674449,0.00686342,0.00711009,0.00175691
CMS002_020c_Rb_S133_L004,Culiseta,particeps,Culiseta,particeps,0.00686028,0.00728988,0.00639507,0.00636642,0.006765899999999999,0.00695535,0.00675518,0.00706633,0.00725825,0.0078125,0.00681019,0.00798904,0.00762477,0.00624133,0.0,0.000316356,0.0,0.000553097,0.000387935,0.00172692,0.00626679,0.00695088,0.00643335,0.00704225,0.00757038,0.0070247,0.00722442,0.00688836,0.00749415,0.00738007,0.00751174,0.007495900000000001,0.00744359,0.00592839,0.00631727,0.00678521,0.00698649,0.00652985,0.00639708,0.00627469,0.00525855,0.00638902,0.00653595,0.00630205,0.00667656,0.00632763,0.00671946,0.00632467,0.00698649,0.00661195,0.00670659,0.00650662,0.00577101,0.00621404,0.00602549,0.00679634,0.00610066,0.00800692,0.0073046000000000005,0.00683995,0.0075188,0.00727438,0.00681618,0.00716846,0.00638638,0.00763359,0.00714286,0.00726453,0.007996,0.00638147,0.00751174,0.00686499,0.00740363,0.00732514,0.00702349,0.00712251,0.00646801,0.00633654,0.00710846,0.00691882,0.00698964,0.00708717,0.0062645,0.00622837,0.00689163,0.0067331000000000005,0.00636342,0.00639854,0.0010142,0.00635697,0.0,0.00646552,0.00122183,0.00765367,0.00715801,0.000684369,0.0,0.00733138,0.00689972,0.00609372,0.00722195,0.00136836,0.00647172,0.0022737,0.00705081,0.0063835,0.00702179,0.00734934,0.00715478,0.00639921,0.006241,0.00600273,0.00040203699999999995,0.00104353,0.00639066,0.00634196,0.00586435,0.00705156,0.00653766,0.006189,0.00651921,0.00656852,0.00546747,0.00644545,0.00678952,0.00654359,0.00669856,0.00581556,0.006591800000000001,0.00596741,0.00628784,0.00570687,0.00740741,0.005878199999999999,0.00682163,0.00666191,0.00638978,0.006228,0.00644607,0.00646605,0.00649507,0.00671302,0.00716846,0.00648056,0.006999999999999999,0.00755052,0.006721600000000001,0.00185071
CMS002_020d_Rb_S134_L004,Culiseta,particeps,Culiseta,particeps,0.00607238,0.00661469,0.00546584,0.00584647,0.00633505,0.00663507,0.0062201,0.00618312,0.00651073,0.00686228,0.00638978,0.00648415,0.0064347,0.00572139,0.00032393900000000003,0.00034823,0.000553097,0.0,0.0,0.00128821,0.00576646,0.00623753,0.00636943,0.00659731,0.0063788000000000004,0.00623202,0.00616698,0.00640552,0.00625451,0.00606796,0.00653911,0.005945300000000001,0.00648727,0.00570012,0.00571145,0.00584053,0.00598355,0.00572282,0.00575144,0.00645642,0.0049238,0.00583312,0.00596273,0.00595534,0.00564682,0.00580661,0.00624512,0.00556539,0.00640041,0.00585987,0.00589139,0.00617137,0.00600601,0.00588235,0.00532184,0.0063484,0.00565124,0.00716846,0.00645321,0.00637996,0.0067027,0.00724468,0.00540541,0.00612745,0.00563607,0.00646397,0.00653083,0.00610532,0.00680615,0.00581536,0.00571997,0.00599401,0.00603992,0.00628299,0.00602094,0.00616491,0.00571571,0.00557244,0.00575288,0.00624532,0.00595855,0.00583016,0.00559067,0.0053437,0.0060030000000000005,0.00557473,0.00563958,0.00570437,0.000910056,0.00596473,0.0,0.00585838,0.00102579,0.00623053,0.00652706,0.000271186,0.0,0.00632411,0.0060698,0.00530739,0.00651891,0.00118308,0.00580808,0.00196821,0.00609433,0.00601202,0.00596783,0.00615961,0.00593089,0.00633714,0.00588386,0.0058698,0.000410004,0.0009262119999999999,0.00597501,0.00585391,0.00530437,0.00577478,0.00638298,0.00556117,0.00583164,0.00598653,0.00548546,0.00593242,0.00636618,0.00572852,0.00593855,0.00550964,0.00572469,0.00554715,0.00564682,0.0055176,0.00648677,0.00572172,0.00634585,0.00621762,0.0055435,0.00602883,0.00611909,0.00600836,0.00620476,0.00546448,0.00591564,0.00567721,0.00631745,0.00571973,0.00534263,0.00163026
CMS002_020e_Rb_S135_L004,Culiseta,particeps,Culiseta,particeps,0.00677802,0.00663036,0.00636787,0.00648571,0.00654359,0.00677728,0.006836399999999999,0.00662252,0.00665874,0.00719258,0.00636219,0.00724807,0.00681551,0.00649195,0.00019142400000000002,0.00010197799999999999,0.000387935,0.0,0.0,0.00180282,0.00649351,0.00689485,0.00622568,0.00661765,0.00699638,0.00658669,0.00651617,0.00705081,0.0064194000000000005,0.00635893,0.00641178,0.00637243,0.0065086,0.005950899999999999,0.00632911,0.00664861,0.00644853,0.00573066,0.00619343,0.00622904,0.00527523,0.00619886,0.006773100000000001,0.00693117,0.00640697,0.00622456,0.00649675,0.00612295,0.00635541,0.00658537,0.00646445,0.00620547,0.00572792,0.00611247,0.00598659,0.00638821,0.00605741,0.007389699999999999,0.00682428,0.00645013,0.00690101,0.00700723,0.00601069,0.00618165,0.00578795,0.00653137,0.00676203,0.00625313,0.00699301,0.00587682,0.00689146,0.00650132,0.00716479,0.00686611,0.00651139,0.00639292,0.00622904,0.00619886,0.00674699,0.00653279,0.00658215,0.00662414,0.00636631,0.00626959,0.00738552,0.00645335,0.00582666,0.00625602,0.00118589,0.00605296,0.000259572,0.00635647,0.00115741,0.00702106,0.00648999,0.000545033,0.0,0.00656732,0.00654228,0.00554201,0.00676692,0.00128242,0.00577744,0.00240132,0.00711201,0.00602107,0.00636943,0.00717949,0.00693928,0.00595534,0.00626409,0.00596368,0.000548471,0.00122474,0.00603401,0.00623377,0.00568622,0.00660377,0.00591875,0.00627038,0.00612295,0.00657254,0.00564972,0.00639606,0.00634679,0.00618047,0.00653924,0.0055325,0.00611465,0.00617894,0.0064071,0.00557177,0.00750751,0.00587515,0.00645661,0.00656566,0.00595096,0.006256800000000001,0.006470999999999999,0.00663265,0.00628931,0.00627353,0.00667161,0.00621601,0.00667694,0.0066529,0.00673635,0.00176991
CMS002_021a_Rb_S136_L004,Culiseta,particeps,Culiseta,particeps,0.00752056,0.00762829,0.00673077,0.00731886,0.00714615,0.007151100000000001,0.00726506,0.00796813,0.00695572,0.00743494,0.00685558,0.00768335,0.00771569,0.00758653,0.00205058,0.00228695,0.00172692,0.00128821,0.00180282,0.0,0.00758446,0.00782918,0.00641849,0.00705768,0.00830565,0.00760369,0.00753828,0.00804924,0.00778486,0.00808369,0.00740918,0.00728897,0.00794764,0.00655022,0.00670819,0.00786651,0.00724807,0.00642704,0.00753118,0.00665241,0.00638249,0.00745192,0.00754717,0.00762477,0.00699126,0.00744834,0.00810811,0.00739857,0.0070303,0.00763359,0.00757761,0.0079033,0.00689,0.00700991,0.00743762,0.00726216,0.0063743,0.00837989,0.00707317,0.00768693,0.00808167,0.00726612,0.00729262,0.00717703,0.00607662,0.00776288,0.00692663,0.00696864,0.0075,0.00719068,0.00770342,0.00803213,0.00746077,0.00846638,0.00771456,0.0075006,0.00714456,0.00722543,0.00754539,0.00758833,0.008092199999999999,0.00647637,0.00715343,0.00618753,0.00751697,0.00672405,0.00627868,0.00708048,0.00167973,0.00669477,0.0,0.007199600000000001,0.00163755,0.00854701,0.00725611,0.000128551,0.0,0.00763171,0.00810489,0.00625944,0.00772875,0.00153075,0.00645321,0.00279642,0.00821918,0.0075,0.00720676,0.0084493,0.0085034,0.00673317,0.00755729,0.00660248,0.0,0.00148699,0.00607232,0.00697674,0.00722208,0.00718924,0.00630915,0.006827600000000001,0.00690476,0.00784221,0.00570962,0.006956100000000001,0.00683594,0.00673239,0.00658858,0.00548998,0.00703164,0.00683801,0.00780488,0.00578643,0.00833333,0.00636319,0.00697494,0.00773067,0.00781805,0.00655738,0.00727107,0.00755858,0.00688807,0.00696864,0.00762233,0.0070458,0.00735481,0.00842441,0.00713135,0.00181159
